"Species" "Interactions" "Connectance" "robustez_low" "MAT" "MAP" "CV" "TS" "PDQ" "Latitude" "Longitude" "Região"
"M_PL_011" 27 52 0.286 0.737700318321706 206 1917 51 2194 217 -20.348404 57.552152 "Tropical"
"M_PL_026" 159 204 0.036 0.59920017246735 238 335 69 1575 36 -0.5 -90.5 "Tropical"
"M_PL_030" 81 109 0.073 0.606520581988433 274 1209 84 928 12 8.933333 -67.416667 "Tropical"
"M_PL_031" 97 156 0.066 0.662964695472329 204 2404 53 380 188 5.583333 -61.716667 "Tropical"
"M_PL_035" 97 178 0.081 0.748212446060699 266 1715 47 944 204 17.916667 -76.191667 "Tropical"
"M_PL_040" 72 114 0.091 0.649881774051202 246 1674 33 952 247 18.353889 -77.645278 "Tropical"
"M_PL_041" 74 145 0.109 0.709594114403223 257 1871 37 972 249 15.518889 -61.467222 "Tropical"
"M_PL_042" 18 25 0.347 0.662459358365247 238 309 86 1518 24 -0.949194 -90.977222 "Tropical"
"M_PL_059" 26 71 0.42 0.732091171512106 221 666 58 1603 54 -8.505 -37.201389 "Tropical"
"M_PL_060_01" 50 95 0.221 0.631943617269118 NA NA NA NA NA -20.7 57.733333 "Tropical"
"M_PL_060_02" 50 107 0.235 0.664975643451043 NA NA NA NA NA -20.7 57.733333 "Tropical"
"M_PL_060_03" 58 130 0.222 0.662050121332638 NA NA NA NA NA -20.7 57.733333 "Tropical"
"M_PL_060_04" 67 134 0.139 0.653076693042681 NA NA NA NA NA -20.7 57.733333 "Tropical"
"M_PL_060_05" 87 144 0.081 0.617968920824845 NA NA NA NA NA -20.7 57.733333 "Tropical"
"M_PL_060_06" 71 96 0.082 0.594829449182056 NA NA NA NA NA -20.7 57.733333 "Tropical"
"M_PL_060_07" 68 108 0.095 0.625294994913024 NA NA NA NA NA -20.7 57.733333 "Tropical"
"M_PL_060_08" 47 72 0.135 0.604371354383779 NA NA NA NA NA -20.7 57.733333 "Tropical"
"M_PL_060_09" 58 78 0.108 0.582464101297018 NA NA NA NA NA -20.7 57.733333 "Tropical"
"M_PL_060_10" 39 51 0.146 0.616028784988301 NA NA NA NA NA -20.7 57.733333 "Tropical"
"M_PL_060_11" 34 43 0.154 0.606840184802859 NA NA NA NA NA -20.7 57.733333 "Tropical"
"M_PL_060_12" 37 60 0.21 0.631921836695355 NA NA NA NA NA -20.7 57.733333 "Tropical"
"M_PL_060_13" 38 48 0.221 0.600604876799593 NA NA NA NA NA -20.7 57.733333 "Tropical"
"M_PL_060_14" 48 99 0.243 0.679086730908368 NA NA NA NA NA -20.7 57.733333 "Tropical"
"M_PL_060_15" 51 131 0.253 0.726105186203143 NA NA NA NA NA -20.7 57.733333 "Tropical"
"M_PL_060_16" 56 114 0.172 0.651212906136968 NA NA NA NA NA -20.7 57.733333 "Tropical"
"M_PL_060_17" 52 100 0.168 0.656206955435423 NA NA NA NA NA -20.7 57.733333 "Tropical"
"M_PL_060_18" 48 75 0.134 0.644442666074615 NA NA NA NA NA -20.7 57.733333 "Tropical"
"M_PL_060_19" 31 41 0.175 0.66298095953806 NA NA NA NA NA -20.7 57.733333 "Tropical"
"M_PL_060_20" 30 37 0.171 0.615827025584874 NA NA NA NA NA -20.7 57.733333 "Tropical"
"M_PL_060_21" 28 32 0.242 0.53744135589822 NA NA NA NA NA -20.7 57.733333 "Tropical"
"M_PL_060_22" 44 64 0.159 0.588847934497221 NA NA NA NA NA -20.7 57.733333 "Tropical"
"M_PL_060_23" 39 57 0.176 0.646156574248877 NA NA NA NA NA -20.7 57.733333 "Tropical"
"M_PL_060_24" 38 46 0.137 0.621889897907236 NA NA NA NA NA -20.7 57.733333 "Tropical"
"M_PL_061_01" 17 17 0.283 0.561625604738239 260 2259 48 622 235 -4.666667 55.43333 "Tropical"
"M_PL_061_02" 22 27 0.318 0.58545569774767 260 2259 48 622 235 -4.666667 55.43333 "Tropical"
"M_PL_061_03" 20 24 0.286 0.591587111418501 260 2259 48 622 235 -4.666667 55.43333 "Tropical"
"M_PL_061_04" 22 29 0.259 0.613613939941444 260 2259 48 622 235 -4.666667 55.43333 "Tropical"
"M_PL_061_05" 34 51 0.193 0.633528752903355 260 2259 48 622 235 -4.666667 55.43333 "Tropical"
"M_PL_061_06" 35 58 0.22 0.626141145781705 260 2259 48 622 235 -4.666667 55.43333 "Tropical"
"M_PL_061_07" 32 62 0.3 0.668656196686419 260 2259 48 622 235 -4.666667 55.43333 "Tropical"
"M_PL_061_08" 25 35 0.307 0.673501481882437 260 2259 48 622 235 -4.666667 55.43333 "Tropical"
"M_PL_061_09" 16 15 0.25 0.613809530780741 260 2259 48 622 235 -4.666667 55.43333 "Tropical"
"M_PL_061_10" 19 20 0.286 0.586126674840799 260 2259 48 622 235 -4.666667 55.43333 "Tropical"
"M_PL_061_11" 18 17 0.236 0.574082338960388 260 2259 48 622 235 -4.666667 55.43333 "Tropical"
"M_PL_061_12" 19 24 0.286 0.617435369685183 260 2259 48 622 235 -4.666667 55.43333 "Tropical"
"M_PL_061_13" 26 39 0.293 0.633742097809626 260 2259 48 622 235 -4.666667 55.43333 "Tropical"
"M_PL_061_14" 17 18 0.273 0.581791130311544 260 2259 48 622 235 -4.666667 55.43333 "Tropical"
"M_PL_061_15" 24 33 0.306 0.619549163892367 260 2259 48 622 235 -4.666667 55.43333 "Tropical"
"M_PL_061_16" 27 41 0.27 0.662288230978457 260 2259 48 622 235 -4.666667 55.43333 "Tropical"
"M_PL_061_17" 22 19 0.162 0.553008383784858 260 2259 48 622 235 -4.666667 55.43333 "Tropical"
"M_PL_061_18" 29 35 0.177 0.619446754141678 260 2259 48 622 235 -4.666667 55.43333 "Tropical"
"M_PL_061_19" 32 44 0.19 0.605403885354315 260 2259 48 622 235 -4.666667 55.43333 "Tropical"
"M_PL_061_20" 25 25 0.162 0.592933215551493 260 2259 48 622 235 -4.666667 55.43333 "Tropical"
"M_PL_061_21" 29 43 0.217 0.655009015493227 260 2259 48 622 235 -4.666667 55.43333 "Tropical"
"M_PL_061_22" 28 28 0.156 0.582678808916703 260 2259 48 622 235 -4.666667 55.43333 "Tropical"
"M_PL_061_23" 36 45 0.173 0.565959809627618 260 2259 48 622 235 -4.666667 55.43333 "Tropical"
"M_PL_061_24" 29 46 0.232 0.653901843303829 260 2259 48 622 235 -4.666667 55.43333 "Tropical"
"M_PL_061_25" 16 21 0.382 0.63339786540747 260 2259 48 622 235 -4.666667 55.43333 "Tropical"
"M_PL_061_26" 20 28 0.308 0.684552709725216 260 2259 48 622 235 -4.666667 55.43333 "Tropical"
"M_PL_061_27" 19 21 0.269 0.589049154375793 260 2259 48 622 235 -4.666667 55.43333 "Tropical"
"M_PL_061_28" 27 36 0.237 0.60717660639257 260 2259 48 622 235 -4.666667 55.43333 "Tropical"
"M_PL_061_29" 26 39 0.271 0.670426221660004 260 2259 48 622 235 -4.666667 55.43333 "Tropical"
"M_PL_061_30" 20 30 0.33 0.653496273107534 260 2259 48 622 235 -4.666667 55.43333 "Tropical"
"M_PL_061_31" 24 35 0.368 0.621302789694763 260 2259 48 622 235 -4.666667 55.43333 "Tropical"
"M_PL_061_32" 24 28 0.259 0.567065825765865 260 2259 48 622 235 -4.666667 55.43333 "Tropical"
"M_PL_061_33" 8 6 0.5 0.477777777777778 260 2259 48 622 235 -4.666667 55.43333 "Tropical"
"M_PL_061_34" 10 9 0.429 0.525 260 2259 48 622 235 -4.666667 55.43333 "Tropical"
"M_PL_061_35" 22 19 0.162 0.558813914850784 260 2259 48 622 235 -4.666667 55.43333 "Tropical"
"M_PL_061_36" 24 31 0.261 0.586009640417264 260 2259 48 622 235 -4.666667 55.43333 "Tropical"
"M_PL_061_37" 30 43 0.206 0.627676452995937 260 2259 48 622 235 -4.666667 55.43333 "Tropical"
"M_PL_061_38" 33 49 0.213 0.638694814092219 260 2259 48 622 235 -4.666667 55.43333 "Tropical"
"M_PL_061_39" 30 46 0.286 0.627526158842528 260 2259 48 622 235 -4.666667 55.43333 "Tropical"
"M_PL_061_40" 35 58 0.248 0.650930523231203 260 2259 48 622 235 -4.666667 55.43333 "Tropical"
"M_PL_061_41" 13 11 0.306 0.527160493827161 260 2259 48 622 235 -4.666667 55.43333 "Tropical"
"M_PL_061_42" 17 16 0.242 0.554995221700481 260 2259 48 622 235 -4.666667 55.43333 "Tropical"
"M_PL_061_43" 25 26 0.181 0.596478490004774 260 2259 48 622 235 -4.666667 55.43333 "Tropical"
"M_PL_061_44" 21 23 0.209 0.596227534170623 260 2259 48 622 235 -4.666667 55.43333 "Tropical"
"M_PL_061_45" 34 50 0.198 0.634941885561597 260 2259 48 622 235 -4.666667 55.43333 "Tropical"
"M_PL_061_46" 34 45 0.165 0.629708773695648 260 2259 48 622 235 -4.666667 55.43333 "Tropical"
"M_PL_061_47" 35 57 0.244 0.642628027349621 260 2259 48 622 235 -4.666667 55.43333 "Tropical"
"M_PL_061_48" 23 32 0.254 0.650991489171366 260 2259 48 622 235 -4.666667 55.43333 "Tropical"
"M_PL_064" 22 32 0.286 0.717625630614121 201 1264 76 2151 60 -20.75 -42.92 "Tropical"
"M_PL_065" 26 44 0.419 0.899840144402579 262 772 109 1644 12 19.5 -105.05 "Tropical"
"M_PL_066" 36 73 0.471 0.911109955314211 198 1475 72 2252 80 -22.5 -44.83 "Tropical"
"M_PL_067" 36 59 0.263 0.875549473593166 225 379 88 1455 10 -7.87 -36.4 "Tropical"
"M_PL_068" 40 83 0.297 0.842609975704296 148 1416 44 194 146 1.25 -77.43 "Tropical"
"M_PL_070" 16 41 0.641 0.900012133124648 158 703 91 1964 25 19.23 -98.97 "Tropical"
"M_PL_071" 52 89 0.253 0.771745611717592 267 2851 32 681 388 0.04 -72.27 "Tropical"
"M_PL_004" 114 167 0.136 0.584247089013732 44 1088 10 10217 244 46.553731 -66.071245 "High latitude"
"M_PL_005" 371 923 0.035 0.642372768584198 -29 810 28 7189 149 38.841784 -105.043821 "High latitude"
"M_PL_006" 78 146 0.141 0.691434633839997 103 618 15 4786 125 52.762395 1.575532 "High latitude"
"M_PL_007" 52 85 0.148 0.626580830807463 97 603 13 4860 126 52.413173 1.097873 "High latitude"
"M_PL_008" 49 106 0.254 0.705343831606144 102 493 88 4489 5 28.216667 -16.633333 "High latitude"
"M_PL_009" 142 242 0.085 0.602498188142819 -35 639 29 7323 109 68.35 18.5 "High latitude"
"M_PL_010" 107 456 0.194 0.765790879117297 -112 256 23 9285 40 74.5 -20.5 "High latitude"
"M_PL_012" 84 145 0.091 0.644232224308817 155 442 85 3120 6 28.127842 -17.248908 "High latitude"
"M_PL_014" 110 179 0.076 0.641595404854886 -180 110 44 13457 15 81.816667 -71.3 "High latitude"
"M_PL_015" 797 2933 0.034 0.688294091894981 174 434 62 6557 22 38.014466 23.635043 "High latitude"
"M_PL_016" 205 412 0.089 0.635738496045199 178 521 64 5009 14 37.016667 -6.55 "High latitude"
"M_PL_017" 104 299 0.151 0.70673099847992 99 800 16 4544 167 51.574994 -2.589902 "High latitude"
"M_PL_018" 144 383 0.094 0.67973998721125 73 662 21 6176 116 56.238737 9.973652 "High latitude"
"M_PL_020" 111 190 0.104 0.608593392470488 -180 110 44 13457 15 81.816667 -71.3 "High latitude"
"M_PL_021" 768 1193 0.019 0.559895656466828 108 1998 33 8367 336 35.333333 135.75 "High latitude"
"M_PL_024" 29 38 0.192 0.628690051135033 -177 95 76 14105 7 75 -114.966667 "High latitude"
"M_PL_025" 57 143 0.25 0.692281441739541 145 1163 11 7651 259 36.075391 -79.001843 "High latitude"
"M_PL_032" 40 65 0.281 0.588860363345682 108 955 25 9821 158 40.133333 -88.166667 "High latitude"
"M_PL_033" 47 141 0.319 0.773259912765788 60 883 14 10923 176 45.4 -75.5 "High latitude"
"M_PL_036" 22 30 0.25 0.664734945895816 147 1578 36 3152 206 39.466667 -31.227222 "High latitude"
"M_PL_037" 50 72 0.18 0.59596407863848 73 662 21 6176 116 56.248737 9.973652 "High latitude"
"M_PL_038" 50 79 0.235 0.626624315690147 73 662 21 6176 116 56.238737 9.993652 "High latitude"
"M_PL_039" 68 129 0.149 0.62249308209665 95 498 89 4704 5 28.268611 -16.605556 "High latitude"
"M_PL_043" 110 250 0.109 0.663676527230745 72 670 21 6171 117 56.238737 9.953652 "High latitude"
"M_PL_044" 719 1125 0.017 0.582483535601105 213 2951 31 4955 494 28.377248 129.493741 "High latitude"
"M_PL_045" 43 63 0.143 0.639344571473506 -66 262 34 8536 42 71 -52 "High latitude"
"M_PL_046" 60 278 0.395 0.815060866206742 76 615 21 6051 107 56.066667 10.233333 "High latitude"
"M_PL_047" 205 425 0.12 0.628443665047757 73 778 24 5903 136 56.066667 9.266667 "High latitude"
"M_PL_048" 266 671 0.095 0.654182416503113 75 796 24 5837 139 56.1 9.1 "High latitude"
"M_PL_049" 262 590 0.071 0.62793817875501 76 615 21 6051 107 56.066667 10.216667 "High latitude"
"M_PL_050" 49 86 0.176 0.649869192163782 95 498 89 4704 5 28.268611 -16.605556 "High latitude"
"M_PL_052" 54 92 0.157 0.614743560975218 -51 262 34 9978 40 66.966667 -50.55 "High latitude"
"M_PL_053" 393 589 0.02 0.597313586088695 143 1891 56 7630 181 33.4 131.5 "High latitude"
"M_PL_054" 431 773 0.022 0.589271095528104 153 1725 42 8188 224 35.033333 135.783333 "High latitude"
"M_PL_055" 259 431 0.035 0.601539551954704 147 2306 23 8028 444 35.65 136.083333 "High latitude"
"M_PL_056" 456 871 0.026 0.585596206995886 92 1708 48 8222 162 35.583333 138.383333 "High latitude"
"M_PL_057" 997 1920 0.019 0.574217077789428 114 1929 37 8333 295 35.166667 135.866667 "High latitude"
"M_PL_058" 113 319 0.123 0.695663072068292 149 612 30 5187 108 42.2973 3.235217 "High latitude"
"M_PL_062" 1500 15255 0.032 0.811824578925978 118 954 22 9553 164 39.278958 -89.8968771 "High latitude"
"M_PL_073" 72 157 0.125 0.633490004974791 127 1021 12 8522 218 38.9695547 -77.1763687 "High latitude"
